$MEAS_TIM:
272190 
272224
$DATA:
0    511
       0
       0
       0
     304
     304
     239
     251
     258
     232
     285
     243
     271
     257
     232
     250
     218
     253
     214
     227
     234
     211
     233
     227
     204
     240
     228
     239
     243
     267
     239
     229
     219
     208
     179
     186
     192
     196
     170
     201
     214
     176
     194
     199
     166
     174
     168
     183
     170
     182
     160
     172
     154
     171
     163
     167
     138
     155
     152
     148
     156
     145
     145
     129
     142
     146
     170
     145
     105
     127
     122
     142
     117
     139
     134
     122
     136
     120
     112
     116
     127
     125
     123
     140
      93
     114
     111
     112
     124
     118
     132
     105
     109
     111
     108
      95
      90
      93
      84
     100
     104
      94
     100
      96
      98
      90
      87
     106
      96
      87
      80
      96
      89
     100
     104
      82
      84
      92
      71
      77
      77
      90
      83
      83
      85
      85
      65
      73
      63
      62
      72
      65
      65
      59
      84
      72
      66
      74
      69
      66
      59
      71
      68
      53
      72
      62
      55
      62
      71
      62
      61
      52
      60
      63
      64
      50
      48
      53
      62
      56
      63
      58
      55
      54
      49
      53
      55
      46
      46
      58
      53
      51
      56
      48
      42
      46
      42
      34
      52
      46
      46
      50
      50
      41
      45
      39
      36
      41
      50
      41
      46
      37
      36
      24
      38
      50
      21
      34
      38
      42
      29
      33
      35
      29
      32
      28
      34
      31
      52
      30
      41
      34
      38
      32
      16
      34
      29
      39
      29
      42
      32
      37
      27
      33
      38
      26
      21
      31
      25
      33
      28
      31
      27
      24
      30
      22
      23
      33
      29
      33
      18
      17
      26
      29
      25
      18
      15
      24
      23
      29
      17
      26
      23
      17
      20
      18
      22
      19
      10
      23
      21
      20
      20
      30
      17
      17
      15
      14
      19
      16
      24
      33
      22
      16
      20
      12
      22
      24
      17
      18
       9
      15
      14
      19
      13
      14
      20
      11
      19
      19
      16
      14
      18
      21
      14
       8
      16
      18
      11
      10
      16
      20
      14
      15
      23
       9
      14
      13
      12
      17
      13
      11
      16
       9
      14
      10
      14
      12
       7
      16
      11
       9
      12
      11
      11
      12
      16
       5
       7
      14
       9
       7
      11
      11
      11
      12
      11
      18
      11
       9
      12
      12
      17
      12
      10
      11
       8
      15
      13
      10
      13
      11
       7
       6
       8
      12
       9
      13
      15
       9
      10
       7
       6
       7
       8
      15
      10
      10
      13
       5
       5
       5
       9
       7
       7
      11
       9
       6
       5
       8
       8
      11
       6
       9
       6
       6
       6
       6
       9
      13
      11
      13
       9
       6
       7
       8
       2
       6
       9
       5
       7
       6
       3
       9
       2
       5
       9
       3
       2
       9
       6
       6
       7
       3
       5
      10
       4
       9
       9
       6
       8
      15
       9
       4
       4
       7
       8
       8
       9
       4
       4
       5
       4
       7
       3
       6
       9
       2
       3
       3
       4
       7
       8
       7
       5
       7
       2
       8
       5
       6
       6
       4
       5
       6
      12
       4
       2
       7
       6
       3
       3
       4
       4
       3
       3
       0
       0
       0
       0
       0
       0
       0
       0
       0
       0
       0
       0
       0
       0
       0
       0
       0
       0
       0
       0
       0
       0
       0
       0
       0
       0
       0
       0
       0
       0
       0
       0
       0
       0
       0
       0
       0
       0
       0
       0
       0
       0
       0
       0
       0
       0
       0
       0
