$SPEC_ID:
PRAK02 Easy-MCA-2k SN
$SPEC_REM:
DET# 1
DETDESC# PRAK01 Easy-MCA-2k SN 15071856
AP# Maestro Version 7.01
$DATE_MEA:
02/19/2002 01:14:23
$MEAS_TIM:
240 240
$DATA:
0 511
       0
       0
       0
       0
       0
       0
       0
       0
       0
       0
       0
       0
       0
       0
       1
       0
       1
       1
       3
     838
    1461
    1512
    1464
    1369
    1295
    1290
    1270
    1249
    1229
    1210
    1132
    1085
    1108
    1111
    1151
    1112
    1163
    1128
    1155
    1138
    1161
    1169
    1140
    1149
    1064
    1039
     935
     873
     706
     608
     610
     495
     429
     456
     425
     429
     447
     460
     499
     624
     894
    1420
    2349
    3669
    5211
    6350
    6680
    6037
    4662
    3044
    1626
     814
     315
     126
      52
      17
      20
      10
      21
      15
      13
       4
       8
      20
      13
      12
       9
      21
      11
       8
       8
      11
       8
       8
       4
       8
       6
       4
       8
       6
      12
       8
       5
       6
       5
       6
       8
       2
       2
      10
       4
       5
      11
       6
       6
       6
       7
       8
       5
       1
       5
       5
       3
       8
       2
       3
       1
       5
       1
       2
       5
       2
       5
       6
       4
       6
       2
       3
       8
      10
       5
       9
       5
       6
       7
       5
       3
       5
       4
       4
       2
       3
       3
       2
       2
       0
       0
       0
       0
       2
       0
       0
       0
       0
       1
       1
       0
       1
       1
       3
       0
       2
       0
       4
       1
       1
       3
       0
       1
       2
       1
       2
       0
       0
       1
       0
       0
       2
       1
       0
       0
       1
       0
       2
       1
       0
       1
       0
       3
       0
       0
       0
       2
       0
       3
       0
       0
       0
       0
       1
       2
       1
       1
       0
       0
       1
       0
       0
       1
       0
       0
       0
       0
       0
       0
       0
       1
       0
       0
       0
       0
       0
       0
       0
       0
       0
       1
       0
       0
       0
       0
       0
       0
       0
       0
       1
       0
       0
       0
       0
       0
       1
       0
       0
       0
       0
       0
       0
       0
       0
       0
       0
       0
       1
       0
       0
       0
       0
       0
       1
       0
       1
       0
       0
       0
       0
       1
       0
       0
       0
       0
       0
       0
       0
       0
       1
       0
       0
       0
       0
       0
       0
       1
       0
       0
       0
       1
       1
       0
       0
       0
       0
       0
       0
       0
       0
       1
       0
       0
       1
       0
       0
       0
       1
       0
       0
       0
       1
       0
       0
       0
       0
       0
       0
       0
       1
       0
       0
       0
       0
       0
       0
       0
       0
       0
       0
       0
       0
       0
       0
       0
       1
       0
       0
       0
       0
       1
       0
       0
       0
       0
       0
       0
       0
       1
       0
       0
       0
       0
       0
       0
       0
       0
       0
       0
       0
       0
       0
       0
       0
       0
       0
       0
       0
       0
       0
       0
       0
       0
       0
       0
       0
       0
       0
       0
       0
       0
       0
       0
       0
       0
       0
       0
       0
       0
       0
       0
       0
       0
       0
       0
       0
       0
       0
       0
       0
       0
       0
       0
       0
       0
       0
       0
       0
       0
       0
       0
       0
       0
       0
       0
       0
       0
       0
       0
       0
       0
       0
       0
       0
       0
       0
       0
       0
       0
       0
       0
       0
       0
       0
       0
       0
       0
       0
       0
       0
       0
       0
       0
       0
       0
       0
       0
       0
       0
       0
       0
       0
       0
       0
       0
       0
       0
       0
       0
       0
       0
       0
       0
       0
       0
       0
       0
       0
       0
       0
       0
       0
       0
       0
       0
       0
       0
       0
       0
       0
       0
       0
       0
       0
       0
       0
       0
       0
       0
       0
       0
       0
       0
       0
       0
       0
       0
       0
       0
       0
       0
       0
       0
       0
       0
       0
$ROI:
0
$PRESETS:
Live Time
240
0
$ENER_FIT:
0.000000 0.000000
$MCA_CAL:
3
0.000000E+000 0.000000E+000 0.000000E+000 
$SHAPE_CAL:
3
0.000000E+000 0.000000E+000 0.000000E+000
