$SPEC_ID:
PRAK02 Easy-MCA-2k SN
$SPEC_REM:
DET# 1
DETDESC# PRAK01 Easy-MCA-2k SN 15071856
AP# Maestro Version 7.01
$DATE_MEA:
02/19/2002 01:24:20
$MEAS_TIM:
240 240
$DATA:
0 511
       0
       0
       0
       0
       0
       0
       0
       0
       0
       0
       0
       1
       0
       0
       1
       0
       0
       0
       5
     768
    1444
    1488
    1446
    1311
    1301
    1244
    1274
    1275
    1137
    1179
    1152
    1068
    1138
    1115
    1072
    1142
    1136
    1120
    1113
    1106
    1051
    1130
    1167
    1106
    1114
    1004
     957
     754
     710
     574
     503
     431
     424
     421
     416
     403
     419
     457
     487
     620
     896
    1403
    2394
    3717
    5221
    6392
    6541
    6029
    4681
    3008
    1676
     814
     305
     101
      47
      18
       8
      12
      11
      14
       6
      12
      10
      12
      10
      15
      12
      12
      11
      13
       4
       5
      12
      11
      15
      10
       3
      10
      10
      15
       9
       9
      10
      10
       3
       7
       8
       4
       8
       6
      11
       9
       6
       8
       6
       3
       4
       5
       4
       4
       4
       5
       4
       4
       4
       4
       8
       2
       4
       3
       3
       5
       3
       4
       2
       1
       5
       4
      10
       8
       4
       8
       6
       9
       5
       6
       4
       5
       7
       4
       3
       0
       1
       2
       0
       1
       2
       0
       2
       1
       1
       7
       1
       0
       0
       1
       0
       1
       0
       2
       0
       2
       1
       1
       2
       3
       1
       2
       2
       1
       0
       0
       1
       0
       1
       1
       1
       0
       1
       0
       2
       0
       0
       2
       1
       0
       0
       0
       0
       1
       1
       0
       0
       2
       3
       0
       1
       0
       0
       0
       0
       1
       0
       0
       0
       0
       0
       0
       0
       2
       0
       1
       0
       0
       0
       0
       1
       0
       0
       0
       0
       0
       0
       0
       0
       0
       0
       0
       0
       0
       0
       0
       0
       0
       0
       0
       0
       0
       0
       0
       0
       0
       0
       0
       0
       0
       0
       1
       0
       0
       0
       0
       0
       0
       0
       1
       0
       0
       0
       0
       0
       0
       0
       1
       0
       0
       0
       0
       0
       0
       0
       0
       0
       0
       0
       0
       1
       1
       0
       0
       1
       0
       0
       0
       0
       0
       0
       0
       0
       0
       0
       0
       0
       0
       0
       1
       0
       0
       0
       0
       0
       0
       0
       0
       0
       2
       0
       0
       0
       1
       1
       0
       0
       0
       0
       0
       0
       0
       0
       0
       0
       0
       0
       1
       0
       0
       0
       1
       1
       0
       0
       1
       0
       0
       1
       0
       0
       0
       0
       0
       0
       0
       0
       0
       1
       0
       0
       0
       0
       0
       0
       0
       0
       0
       0
       0
       0
       0
       0
       0
       0
       0
       0
       0
       0
       0
       0
       0
       0
       0
       0
       0
       0
       0
       0
       0
       0
       0
       0
       0
       0
       0
       0
       0
       0
       0
       0
       0
       0
       0
       0
       0
       0
       0
       0
       0
       0
       0
       0
       0
       0
       0
       0
       0
       0
       0
       0
       0
       0
       0
       0
       0
       0
       0
       0
       0
       0
       0
       0
       0
       0
       0
       0
       0
       0
       0
       0
       0
       0
       0
       0
       0
       0
       0
       0
       0
       0
       0
       0
       0
       0
       0
       0
       0
       0
       0
       0
       0
       0
       0
       0
       0
       0
       0
       0
       0
       0
       0
       0
       0
       0
       0
       0
       0
       0
       0
       0
       0
       0
       0
       0
       0
       0
       0
       0
       0
       0
       0
       0
       0
       0
       0
       0
       0
       0
       0
       0
       0
       0
       0
       0
       0
       0
       0
       0
       0
       0
       0
       0
       0
       0
       0
$ROI:
0
$PRESETS:
Live Time
240
0
$ENER_FIT:
0.000000 0.000000
$MCA_CAL:
3
0.000000E+000 0.000000E+000 0.000000E+000 
$SHAPE_CAL:
3
0.000000E+000 0.000000E+000 0.000000E+000
