$SPEC_ID:
PRAK02 Easy-MCA-2k SN
$SPEC_REM:
DET# 1
DETDESC# PRAK01 Easy-MCA-2k SN 15071856
AP# Maestro Version 7.01
$DATE_MEA:
02/19/2002 01:52:06
$MEAS_TIM:
240 240
$DATA:
0 511
       0
       0
       0
       0
       0
       0
       0
       0
       0
       0
       0
       0
       0
       0
       0
       0
       0
       0
       0
      95
     170
     146
     155
     143
     134
     116
     132
     111
      96
     118
      99
     103
      89
     100
      85
      64
      85
      69
      61
      57
      60
      67
      76
      74
      47
      60
      53
      43
      33
      46
      31
      42
      29
      36
      38
      32
      29
      26
      37
      34
      35
      74
     111
     166
     182
     229
     233
     199
     129
     112
      57
      43
      20
      11
       7
       3
      11
      13
       7
      11
       7
       6
       7
       9
      10
       6
       6
      10
      15
       8
       7
      11
      11
       8
       4
       6
       7
       6
       5
       7
       8
       7
       5
       8
      10
       5
       4
       5
       5
       8
       7
       6
       7
       7
       4
       5
       4
       5
       2
       3
       4
       1
       2
       2
       1
       1
       3
       1
       5
       1
       1
       2
       7
       3
       2
       3
       4
       2
       7
       6
       6
       5
       2
       7
       8
       6
       5
       2
       2
       1
       1
       0
       1
       3
       1
       3
       0
       4
       2
       2
       0
       1
       2
       0
       2
       1
       2
       0
       1
       2
       2
       2
       1
       1
       2
       0
       3
       0
       2
       0
       0
       1
       1
       0
       1
       0
       0
       0
       1
       2
       1
       1
       0
       1
       0
       0
       2
       0
       0
       1
       1
       1
       1
       1
       0
       1
       1
       3
       2
       1
       1
       0
       1
       1
       1
       1
       1
       0
       0
       0
       1
       0
       0
       0
       0
       0
       0
       1
       2
       1
       0
       0
       0
       1
       0
       0
       1
       0
       0
       0
       1
       0
       1
       0
       0
       0
       0
       0
       0
       0
       0
       0
       0
       0
       1
       1
       0
       0
       0
       0
       0
       0
       0
       1
       0
       0
       0
       0
       0
       0
       0
       0
       0
       0
       0
       0
       0
       0
       0
       0
       0
       1
       0
       0
       0
       0
       0
       0
       1
       0
       0
       0
       0
       0
       0
       0
       1
       0
       0
       0
       0
       0
       0
       0
       0
       0
       1
       0
       0
       0
       0
       0
       0
       0
       0
       0
       0
       0
       0
       0
       0
       0
       0
       0
       1
       0
       0
       0
       0
       0
       0
       1
       0
       0
       1
       1
       0
       0
       0
       0
       0
       0
       0
       0
       0
       0
       0
       0
       0
       0
       0
       0
       0
       0
       0
       0
       0
       0
       0
       0
       0
       0
       0
       0
       0
       1
       0
       0
       0
       0
       0
       0
       0
       0
       0
       0
       0
       0
       0
       0
       0
       0
       0
       1
       0
       0
       0
       1
       0
       0
       0
       0
       0
       1
       0
       0
       0
       0
       0
       0
       0
       0
       0
       0
       0
       0
       0
       0
       0
       0
       0
       0
       0
       0
       0
       0
       0
       0
       0
       0
       0
       0
       0
       0
       0
       0
       0
       0
       0
       0
       0
       0
       0
       0
       0
       0
       0
       0
       0
       0
       0
       0
       0
       1
       1
       0
       0
       0
       0
       0
       0
       0
       0
       0
       0
       0
       0
       0
       0
       0
       0
       0
       0
       0
       0
       0
       0
       0
       0
       0
       0
       0
       0
       0
       0
       0
       0
       0
       0
       0
       0
       0
       0
       0
       0
       0
       0
       0
       0
       0
       0
       0
       0
       0
       0
       0
       0
       0
       0
       0
       0
       0
       0
       0
       0
       0
       0
       0
       0
       0
       0
       0
$ROI:
0
$PRESETS:
Live Time
240
0
$ENER_FIT:
0.000000 0.000000
$MCA_CAL:
3
0.000000E+000 0.000000E+000 0.000000E+000 
$SHAPE_CAL:
3
0.000000E+000 0.000000E+000 0.000000E+000
