$SPEC_ID:
PRAK02 Easy-MCA-2k SN
$SPEC_REM:
DET# 1
DETDESC# PRAK01 Easy-MCA-2k SN 15071856
AP# Maestro Version 7.01
$DATE_MEA:
02/19/2002 03:14:45
$MEAS_TIM:
240 240
$DATA:
0 511
       0
       0
       0
       0
       0
       0
       0
       0
       0
       0
       0
       0
       0
       0
       0
       0
       0
       0
       0
     149
     277
     273
     264
     262
     235
     231
     238
     258
     204
     175
     205
     201
     195
     171
     162
     178
     177
     191
     156
     211
     146
     163
     181
     166
     149
     162
     129
     133
     119
      94
      73
      80
      81
      79
      66
      63
      79
      95
     106
     120
     144
     268
     423
     610
     840
    1003
     989
     812
     548
     353
     191
      76
      34
      18
      10
      13
       7
       8
      12
       8
      10
       8
      11
       3
       5
      10
      10
       6
       8
      14
       7
      11
       3
       7
       7
       9
       6
       4
       7
       6
       4
       6
       2
       9
       3
       9
       5
       8
       6
       6
       8
       3
       3
       3
       3
       5
      11
       2
       3
       3
       0
       3
       1
       3
       0
       5
       3
       3
       4
       1
       4
       1
       1
       6
       3
       6
       2
       8
       6
       5
       6
       3
       4
      11
       2
       5
       1
       6
       2
       1
       0
       2
       3
       2
       0
       5
       0
       1
       0
       3
       2
       1
       1
       1
       1
       1
       0
       0
       1
       2
       0
       1
       1
       0
       0
       1
       0
       1
       1
       0
       0
       1
       0
       0
       2
       2
       0
       1
       0
       0
       0
       1
       0
       0
       1
       0
       0
       0
       2
       2
       0
       1
       2
       0
       0
       0
       3
       1
       0
       0
       1
       2
       0
       1
       1
       0
       1
       0
       0
       0
       0
       2
       0
       0
       0
       0
       2
       2
       1
       0
       0
       1
       0
       0
       1
       2
       1
       0
       0
       0
       0
       0
       0
       1
       0
       0
       0
       0
       0
       0
       0
       0
       0
       0
       0
       0
       0
       0
       0
       0
       0
       0
       0
       0
       0
       0
       0
       1
       0
       1
       1
       0
       0
       0
       0
       0
       0
       0
       0
       0
       0
       0
       0
       0
       0
       0
       0
       0
       0
       1
       0
       0
       0
       0
       0
       0
       0
       0
       0
       1
       0
       0
       0
       0
       0
       0
       0
       0
       0
       0
       0
       0
       0
       0
       0
       1
       0
       0
       0
       0
       0
       0
       0
       0
       0
       0
       1
       0
       0
       0
       0
       0
       0
       0
       1
       0
       0
       0
       1
       0
       0
       0
       0
       0
       0
       0
       0
       0
       0
       0
       0
       0
       0
       0
       0
       0
       0
       1
       0
       1
       0
       0
       0
       0
       0
       0
       0
       0
       0
       0
       0
       0
       0
       0
       0
       0
       0
       0
       0
       0
       0
       0
       0
       0
       0
       0
       0
       0
       0
       0
       0
       0
       0
       0
       0
       0
       0
       0
       0
       0
       0
       0
       0
       0
       0
       0
       0
       0
       0
       0
       0
       0
       0
       1
       0
       0
       0
       0
       0
       0
       0
       0
       0
       0
       0
       0
       0
       0
       0
       0
       0
       0
       0
       0
       0
       0
       0
       0
       0
       0
       0
       0
       0
       0
       0
       0
       0
       0
       0
       0
       0
       0
       0
       0
       0
       0
       0
       0
       0
       0
       0
       0
       0
       0
       0
       0
       0
       0
       0
       0
       0
       0
       0
       0
       0
       0
       0
       0
       0
       0
       0
       0
       0
       0
       0
       0
       0
       0
       0
       0
       0
       0
       0
       0
       0
       0
       0
       0
       0
       0
       0
       0
       0
       0
       0
       0
       0
       0
       0
       0
       0
       0
$ROI:
0
$PRESETS:
Live Time
240
0
$ENER_FIT:
0.000000 0.000000
$MCA_CAL:
3
0.000000E+000 0.000000E+000 0.000000E+000 
$SHAPE_CAL:
3
0.000000E+000 0.000000E+000 0.000000E+000
