$SPEC_ID:
PRAK02 Easy-MCA-2k SN
$SPEC_REM:
DET# 1
DETDESC# PRAK01 Easy-MCA-2k SN 15071856
AP# Maestro Version 7.01
$DATE_MEA:
02/19/2002 02:38:36
$MEAS_TIM:
240 240
$DATA:
0 511
       0
       0
       0
       0
       0
       0
       0
       0
       0
       0
       0
       0
       0
       1
       1
       1
       3
       4
       2
     237
     436
     402
     422
     386
     368
     370
     356
     322
     307
     359
     295
     289
     287
     293
     284
     327
     299
     322
     312
     283
     299
     278
     289
     256
     281
     244
     195
     200
     177
     160
     153
     140
     135
     119
     111
      96
     108
     119
     145
     177
     242
     431
     680
    1102
    1428
    1803
    1777
    1625
    1246
     773
     397
     181
      88
      46
      16
       6
      11
       6
      12
       5
       7
       8
       8
       8
       9
       8
       6
       7
       5
       8
       8
      11
      10
      14
       6
      11
       6
       6
       7
       6
       7
      12
       4
       5
       7
       3
       7
       8
       3
       5
       6
       2
      10
       3
       3
       5
       6
       2
       3
       4
       4
       4
       2
       4
       2
       1
       3
       2
       6
       1
       1
       2
       2
       2
       2
       2
       2
       7
       4
       6
       8
       6
       5
       8
       4
       2
       4
       1
       1
       2
       0
       3
       2
       3
       0
       1
       2
       0
       1
       2
       0
       1
       0
       1
       1
       0
       3
       0
       2
       1
       1
       2
       0
       1
       2
       0
       0
       1
       1
       0
       1
       0
       1
       0
       0
       0
       1
       1
       1
       0
       1
       0
       0
       1
       0
       1
       1
       0
       1
       1
       1
       1
       0
       2
       0
       1
       2
       1
       0
       0
       0
       1
       1
       0
       2
       0
       0
       0
       1
       0
       0
       0
       0
       1
       1
       1
       0
       1
       0
       0
       0
       0
       0
       0
       1
       0
       0
       0
       0
       0
       0
       0
       0
       0
       1
       0
       0
       1
       0
       0
       0
       0
       0
       0
       0
       0
       0
       0
       0
       0
       1
       0
       0
       0
       0
       0
       0
       0
       0
       0
       1
       0
       0
       0
       0
       0
       0
       0
       0
       0
       0
       1
       0
       0
       0
       0
       0
       0
       0
       0
       0
       0
       1
       0
       0
       0
       0
       0
       0
       0
       0
       2
       0
       0
       0
       0
       1
       0
       0
       0
       1
       0
       0
       0
       0
       0
       0
       0
       0
       0
       0
       0
       1
       0
       0
       1
       0
       0
       0
       0
       0
       0
       0
       0
       0
       0
       1
       0
       0
       0
       0
       0
       0
       0
       0
       0
       0
       0
       0
       0
       0
       0
       1
       0
       0
       0
       1
       0
       0
       0
       0
       0
       0
       0
       0
       0
       0
       0
       0
       0
       0
       0
       0
       0
       0
       0
       0
       1
       0
       0
       0
       0
       0
       0
       0
       0
       0
       0
       1
       0
       0
       0
       0
       0
       0
       0
       0
       0
       0
       0
       0
       0
       0
       0
       0
       0
       0
       0
       0
       0
       0
       0
       0
       0
       0
       0
       0
       0
       0
       0
       0
       0
       0
       0
       0
       0
       0
       0
       0
       0
       0
       0
       0
       0
       0
       0
       0
       0
       0
       0
       0
       0
       0
       0
       0
       0
       0
       0
       0
       0
       0
       0
       0
       0
       0
       0
       0
       0
       0
       0
       0
       0
       0
       0
       0
       0
       0
       0
       0
       0
       0
       0
       0
       0
       0
       0
       0
       0
       0
       0
       0
       0
       0
       0
       0
       0
       0
       0
       0
       0
       0
       0
       0
       0
       0
       0
       0
       0
       0
       0
       0
       0
       0
       0
       0
       0
       0
       0
       0
       0
       0
       0
$ROI:
0
$PRESETS:
Live Time
240
0
$ENER_FIT:
0.000000 0.000000
$MCA_CAL:
3
0.000000E+000 0.000000E+000 0.000000E+000 
$SHAPE_CAL:
3
0.000000E+000 0.000000E+000 0.000000E+000
