$SPEC_ID:
PRAK02 Easy-MCA-2k SN
$SPEC_REM:
DET# 1
DETDESC# PRAK01 Easy-MCA-2k SN 15071856
AP# Maestro Version 7.01
$DATE_MEA:
02/19/2002 02:33:01
$MEAS_TIM:
240 240
$DATA:
0 511
       0
       0
       0
       0
       0
       0
       0
       0
       0
       0
       0
       0
       0
       0
       0
       0
       0
       0
       2
     232
     430
     405
     386
     367
     369
     405
     342
     352
     332
     333
     308
     339
     335
     301
     300
     318
     318
     292
     328
     329
     308
     312
     306
     296
     301
     263
     251
     206
     192
     184
     135
     117
     123
     116
     125
     129
     114
     127
     140
     178
     283
     429
     692
    1085
    1420
    1733
    1740
    1587
    1252
     798
     424
     196
      76
      36
      12
      14
      13
      11
       8
       7
      12
      12
       7
       9
      10
      10
       6
       8
      10
      12
      14
      15
       5
       9
       5
      10
       6
       9
       9
      13
       4
       5
       6
       3
       4
       4
       8
       5
      12
       9
       4
      10
      11
       9
       2
       3
       3
       5
       5
       4
       3
       4
       2
       0
       4
       7
       0
       5
       2
       6
       1
       6
       4
       3
       3
       5
       3
       2
       7
       5
      10
       9
       9
       5
       3
       4
       3
       3
       1
       1
       3
       1
       2
       1
       1
       1
       1
       2
       2
       1
       0
       1
       1
       0
       0
       0
       0
       0
       2
       0
       1
       0
       2
       0
       1
       0
       3
       1
       2
       1
       2
       2
       0
       0
       2
       0
       1
       1
       0
       1
       0
       1
       0
       0
       0
       0
       2
       0
       0
       0
       0
       0
       0
       0
       0
       1
       1
       0
       0
       2
       1
       1
       1
       0
       0
       1
       2
       0
       1
       0
       0
       1
       1
       0
       0
       1
       0
       0
       0
       0
       0
       0
       0
       0
       0
       0
       1
       0
       0
       0
       0
       0
       0
       0
       0
       0
       0
       0
       0
       0
       0
       0
       0
       0
       0
       0
       0
       0
       0
       0
       1
       0
       0
       0
       0
       0
       0
       0
       0
       0
       0
       2
       0
       0
       0
       0
       0
       1
       0
       0
       0
       0
       0
       0
       0
       0
       0
       0
       0
       0
       0
       0
       0
       0
       0
       0
       1
       2
       0
       0
       0
       0
       0
       0
       0
       1
       0
       0
       0
       0
       0
       0
       0
       0
       1
       1
       1
       0
       0
       0
       0
       0
       0
       0
       1
       0
       0
       0
       0
       0
       0
       0
       0
       0
       0
       0
       0
       0
       0
       0
       0
       0
       0
       0
       0
       0
       0
       1
       0
       0
       0
       0
       0
       0
       0
       0
       0
       0
       0
       0
       0
       1
       0
       0
       0
       0
       0
       0
       0
       0
       0
       0
       0
       0
       0
       0
       0
       0
       0
       0
       0
       0
       0
       0
       0
       0
       0
       0
       0
       0
       0
       0
       0
       0
       0
       0
       0
       0
       0
       0
       0
       0
       0
       0
       0
       0
       0
       0
       0
       0
       0
       0
       0
       0
       0
       0
       0
       0
       0
       0
       0
       0
       0
       0
       0
       0
       0
       0
       0
       0
       0
       0
       0
       0
       0
       0
       0
       0
       0
       0
       0
       0
       0
       0
       0
       0
       0
       0
       0
       0
       0
       0
       0
       0
       0
       0
       0
       0
       0
       0
       0
       0
       0
       0
       0
       0
       0
       0
       0
       0
       0
       0
       0
       0
       0
       0
       0
       0
       0
       0
       0
       0
       0
       0
       0
       0
       0
       0
       0
       0
       0
       0
       0
       0
       0
       0
       0
       0
       0
       0
       0
       0
       0
       0
       0
       0
       0
       0
       0
       0
       0
       0
$ROI:
0
$PRESETS:
Live Time
240
0
$ENER_FIT:
0.000000 0.000000
$MCA_CAL:
3
0.000000E+000 0.000000E+000 0.000000E+000 
$SHAPE_CAL:
3
0.000000E+000 0.000000E+000 0.000000E+000
