$SPEC_ID:
PRAK02 Easy-MCA-2k SN
$SPEC_REM:
DET# 1
DETDESC# PRAK01 Easy-MCA-2k SN 15071856
AP# Maestro Version 7.01
$DATE_MEA:
02/19/2002 01:31:00
$MEAS_TIM:
240 240
$DATA:
0 511
       0
       0
       0
       0
       0
       0
       0
       0
       0
       0
       0
       0
       0
       0
       1
       1
       0
       1
       2
     773
    1450
    1426
    1304
    1352
    1401
    1247
    1197
    1179
    1108
    1150
    1108
    1105
    1099
    1148
    1090
    1107
    1088
    1087
    1075
    1124
    1129
    1129
    1101
    1132
    1015
     983
     876
     809
     648
     570
     526
     444
     475
     421
     439
     429
     437
     442
     524
     618
     851
    1394
    2299
    3620
    4997
    6241
    6610
    6004
    4661
    3093
    1756
     892
     343
     107
      37
      18
      13
      17
      12
      12
      14
      10
       5
      11
       8
      10
      15
       5
      12
       8
       7
      10
      11
       8
       4
       8
      16
      10
       7
       9
       5
       5
       9
       9
       4
      11
      10
       5
       5
       4
       9
       8
       5
      10
       5
       6
       6
       2
       4
       5
       7
       1
       2
       3
       4
       1
       6
       3
       8
       7
       2
       2
       4
       4
       2
       4
       7
       7
       4
       4
       9
       6
       8
       9
       4
       3
       3
       2
       2
       2
       3
       4
       2
       1
       0
       1
       2
       0
       4
       0
       1
       0
       1
       0
       0
       0
       1
       1
       1
       1
       1
       2
       1
       1
       1
       0
       1
       0
       2
       4
       1
       1
       2
       1
       0
       0
       0
       1
       3
       0
       2
       3
       1
       0
       0
       0
       0
       1
       0
       1
       0
       0
       2
       0
       2
       0
       0
       1
       0
       2
       0
       1
       2
       0
       0
       0
       0
       0
       1
       1
       0
       0
       1
       0
       0
       0
       1
       0
       0
       0
       0
       0
       1
       0
       0
       0
       0
       1
       0
       0
       0
       0
       0
       0
       0
       0
       0
       0
       0
       1
       0
       0
       0
       0
       0
       1
       0
       0
       1
       0
       0
       0
       0
       0
       0
       0
       0
       0
       0
       0
       0
       0
       0
       0
       0
       0
       0
       0
       0
       0
       0
       0
       0
       1
       1
       0
       0
       0
       0
       2
       0
       0
       1
       0
       0
       0
       0
       0
       0
       0
       0
       0
       0
       1
       0
       0
       0
       1
       0
       0
       0
       0
       0
       0
       0
       0
       0
       0
       0
       0
       0
       0
       0
       0
       0
       1
       1
       1
       0
       0
       0
       0
       0
       0
       0
       0
       0
       0
       0
       0
       0
       1
       0
       0
       0
       1
       0
       0
       0
       0
       0
       0
       0
       0
       0
       0
       0
       0
       0
       0
       0
       0
       1
       0
       0
       0
       0
       0
       0
       0
       0
       0
       0
       0
       0
       0
       0
       0
       0
       0
       0
       0
       0
       0
       0
       0
       0
       0
       0
       0
       0
       0
       0
       0
       0
       0
       0
       0
       0
       0
       0
       0
       0
       0
       0
       0
       0
       0
       0
       0
       0
       0
       0
       0
       0
       0
       0
       0
       0
       0
       0
       0
       0
       0
       0
       0
       0
       0
       0
       0
       0
       0
       0
       0
       0
       0
       0
       0
       0
       0
       0
       0
       0
       0
       0
       0
       0
       0
       0
       0
       0
       0
       0
       0
       0
       0
       0
       0
       0
       0
       0
       0
       0
       0
       0
       0
       0
       0
       0
       0
       0
       0
       0
       0
       0
       0
       0
       0
       0
       0
       0
       0
       0
       0
       0
       0
       0
       0
       0
       0
       0
       0
       0
       0
       0
       0
       0
       0
       0
       0
       0
       0
       0
       0
       0
       0
       0
       0
       0
       0
       0
       0
$ROI:
0
$PRESETS:
Live Time
240
0
$ENER_FIT:
0.000000 0.000000
$MCA_CAL:
3
0.000000E+000 0.000000E+000 0.000000E+000 
$SHAPE_CAL:
3
0.000000E+000 0.000000E+000 0.000000E+000
