$SPEC_ID:
PRAK02 Easy-MCA-2k SN
$SPEC_REM:
DET# 1
DETDESC# PRAK01 Easy-MCA-2k SN 15071856
AP# Maestro Version 7.01
$DATE_MEA:
02/19/2002 01:45:11
$MEAS_TIM:
240 240
$DATA:
0 511
       0
       0
       0
       0
       0
       0
       0
       0
       0
       0
       0
       0
       0
       0
       0
       1
       0
       1
       2
     656
    1256
    1147
    1206
    1103
    1028
    1077
    1039
     930
    1053
     942
     893
     917
     966
     908
     919
     896
     922
     941
     827
     911
     928
     909
     962
     865
     917
     863
     755
     625
     548
     489
     414
     397
     344
     328
     329
     343
     379
     399
     406
     495
     697
    1106
    1911
    2965
    4008
    5077
    5438
    4783
    3895
    2544
    1408
     687
     277
     106
      34
      21
      15
      13
       9
       6
      14
       6
      11
       6
       9
       5
      15
      15
       8
       6
      10
      11
       8
      14
      10
      12
       5
       8
      11
       3
      10
       7
       9
       7
       3
       3
       3
       9
       8
      10
       7
       6
       5
       3
       4
       6
       7
       8
       5
       5
       5
       5
       5
       5
       6
       6
       4
       2
       5
       1
       3
       0
       2
       7
       5
       3
       5
       3
       6
       5
       7
      10
       9
       6
       3
       4
       2
       4
       3
       1
       4
       1
       1
       0
       1
       3
       2
       2
       1
       2
       0
       2
       0
       2
       0
       1
       2
       2
       0
       0
       1
       0
       1
       0
       1
       0
       0
       1
       1
       2
       1
       0
       0
       2
       1
       0
       0
       2
       1
       2
       0
       0
       1
       1
       0
       1
       0
       0
       1
       0
       2
       0
       3
       1
       1
       2
       0
       0
       0
       0
       0
       1
       0
       1
       0
       0
       2
       1
       1
       1
       0
       1
       0
       1
       1
       0
       1
       0
       0
       0
       0
       0
       0
       0
       0
       1
       0
       0
       0
       0
       0
       0
       0
       0
       0
       0
       0
       0
       0
       0
       0
       0
       0
       1
       0
       1
       0
       0
       0
       0
       0
       0
       0
       0
       0
       0
       0
       0
       0
       0
       1
       0
       0
       0
       0
       0
       0
       0
       0
       0
       0
       1
       0
       0
       0
       0
       0
       1
       0
       0
       0
       2
       2
       0
       0
       0
       0
       0
       0
       0
       0
       1
       0
       0
       0
       0
       0
       0
       0
       0
       0
       0
       0
       0
       0
       0
       0
       0
       1
       0
       0
       0
       0
       0
       0
       1
       0
       0
       0
       0
       0
       0
       0
       0
       0
       0
       0
       0
       0
       0
       0
       0
       0
       0
       0
       0
       0
       0
       0
       1
       0
       0
       0
       0
       0
       0
       0
       0
       0
       0
       0
       0
       0
       0
       0
       1
       1
       0
       0
       0
       0
       0
       0
       0
       0
       0
       0
       0
       0
       0
       0
       0
       0
       0
       0
       0
       0
       0
       0
       0
       0
       1
       0
       0
       0
       0
       0
       0
       0
       0
       0
       0
       0
       0
       0
       0
       0
       0
       0
       0
       0
       0
       0
       0
       0
       0
       0
       0
       0
       0
       0
       0
       0
       0
       0
       0
       0
       0
       0
       0
       0
       0
       0
       0
       0
       0
       0
       0
       0
       0
       0
       0
       0
       0
       0
       0
       0
       0
       0
       0
       0
       0
       0
       0
       0
       0
       0
       0
       0
       0
       0
       0
       0
       0
       0
       0
       0
       0
       0
       0
       0
       0
       0
       0
       0
       0
       0
       0
       0
       0
       0
       0
       0
       0
       0
       0
       0
       0
       0
       0
       0
       0
       0
       0
       0
       0
       0
       0
       0
       0
       0
       0
       0
       0
       0
       0
       0
       0
       0
       0
       0
       0
$ROI:
0
$PRESETS:
Live Time
240
0
$ENER_FIT:
0.000000 0.000000
$MCA_CAL:
3
0.000000E+000 0.000000E+000 0.000000E+000 
$SHAPE_CAL:
3
0.000000E+000 0.000000E+000 0.000000E+000
