$SPEC_ID:
PRAK02 Easy-MCA-2k SN
$SPEC_REM:
DET# 1
DETDESC# PRAK01 Easy-MCA-2k SN 15071856
AP# Maestro Version 7.01
$DATE_MEA:
02/19/2002 02:15:58
$MEAS_TIM:
240 240
$DATA:
0 511
       0
       0
       0
       0
       0
       0
       0
       0
       0
       0
       0
       0
       0
       0
       0
       0
       0
       0
       0
     100
     133
     148
     129
     144
     125
     108
     105
      95
      91
      75
      87
      68
      63
      79
      73
      65
      69
      53
      57
      59
      39
      39
      44
      40
      47
      46
      42
      27
      37
      39
      27
      36
      25
      23
      25
      32
      34
      31
      16
      24
      32
      58
      67
      86
      84
     123
     105
      94
      75
      42
      34
      17
      16
      14
       9
      10
      10
      15
      12
      10
       9
      11
       9
       8
      11
       8
       3
      13
       7
      13
       6
       8
       4
       5
       9
       7
       9
       5
       6
       5
       4
       8
      10
       3
       6
       3
       8
       0
       5
       5
       6
       6
       8
       6
       2
       4
       7
       4
       4
       5
       5
       6
       3
       4
       4
       3
       4
       4
       9
       5
       4
       2
       2
       1
       7
       4
       7
       5
      11
       6
       9
       4
       5
       5
       4
       3
       5
       2
       1
       1
       3
       4
       1
       0
       3
       2
       1
       0
       0
       4
       1
       0
       2
       2
       2
       1
       2
       1
       0
       1
       1
       1
       2
       0
       1
       0
       1
       1
       0
       1
       2
       0
       1
       0
       0
       1
       0
       2
       0
       0
       0
       0
       1
       1
       0
       0
       0
       0
       3
       2
       2
       0
       0
       0
       0
       3
       2
       0
       0
       3
       2
       3
       0
       0
       1
       0
       3
       0
       0
       0
       0
       1
       2
       1
       0
       0
       0
       0
       1
       1
       0
       1
       0
       0
       0
       0
       0
       1
       0
       1
       0
       1
       0
       0
       0
       0
       0
       0
       1
       0
       0
       0
       0
       0
       0
       0
       0
       0
       0
       0
       0
       0
       0
       0
       0
       0
       0
       0
       0
       1
       1
       0
       0
       0
       0
       0
       1
       0
       0
       0
       2
       0
       0
       0
       0
       1
       0
       0
       1
       0
       0
       0
       0
       0
       0
       1
       0
       1
       0
       0
       0
       0
       0
       0
       0
       0
       1
       0
       0
       0
       0
       0
       0
       0
       0
       0
       0
       0
       0
       0
       0
       1
       0
       0
       0
       0
       1
       0
       0
       0
       0
       0
       0
       0
       0
       0
       0
       0
       0
       0
       1
       0
       1
       0
       0
       0
       0
       0
       0
       0
       0
       0
       0
       0
       1
       0
       0
       0
       0
       0
       0
       0
       0
       0
       0
       0
       0
       0
       0
       0
       0
       0
       0
       0
       0
       0
       0
       0
       0
       0
       0
       0
       0
       0
       0
       0
       0
       0
       0
       0
       0
       0
       0
       0
       0
       0
       0
       0
       0
       0
       0
       0
       0
       0
       0
       0
       0
       0
       0
       0
       0
       0
       0
       0
       0
       0
       0
       0
       0
       1
       0
       0
       0
       0
       0
       0
       0
       0
       0
       0
       0
       0
       0
       0
       0
       0
       0
       0
       0
       0
       0
       0
       0
       0
       0
       0
       0
       0
       0
       0
       0
       0
       0
       0
       0
       0
       0
       0
       0
       0
       0
       0
       0
       0
       0
       0
       0
       0
       0
       0
       0
       0
       0
       0
       0
       0
       0
       0
       0
       0
       0
       0
       0
       0
       0
       0
       0
       0
       0
       0
       0
       0
       0
       0
       0
       0
       0
       0
       0
       0
       0
       0
       0
       0
       0
       0
       0
       0
       0
       0
       0
       0
$ROI:
0
$PRESETS:
Live Time
240
0
$ENER_FIT:
0.000000 0.000000
$MCA_CAL:
3
0.000000E+000 0.000000E+000 0.000000E+000 
$SHAPE_CAL:
3
0.000000E+000 0.000000E+000 0.000000E+000
