$SPEC_ID:
PRAK02 Easy-MCA-2k SN
$SPEC_REM:
DET# 1
DETDESC# PRAK01 Easy-MCA-2k SN 15071856
AP# Maestro Version 7.01
$DATE_MEA:
02/19/2002 02:10:19
$MEAS_TIM:
240 240
$DATA:
0 511
       0
       0
       0
       0
       0
       0
       0
       0
       0
       0
       0
       0
       0
       0
       0
       0
       0
       0
       0
     105
     133
     154
     115
     130
     110
      93
     112
      95
      97
      82
      78
      88
      66
      76
      54
      79
      72
      59
      47
      52
      51
      51
      52
      49
      42
      40
      44
      31
      24
      31
      41
      32
      21
      36
      23
      28
      29
      24
      19
      26
      32
      50
      68
      80
     101
     114
     120
      98
      80
      47
      28
      24
       9
      11
       7
      10
      11
       8
       5
      16
       3
       9
      14
       8
       6
       8
       7
      12
       8
       6
      10
       2
      10
       5
       7
       7
       5
       5
       5
       4
       4
       3
       9
       1
      12
       7
       6
       4
       4
       9
       3
       4
       9
       2
       4
       5
       3
       4
       6
       3
       1
       0
       3
       5
       4
       5
       6
       3
       2
       4
       2
       1
       7
       5
       4
      11
       4
       7
       4
       8
       8
       4
       6
      13
       2
       2
       5
       2
       2
       4
       1
       1
       3
       1
       0
       2
       2
       0
       0
       2
       3
       1
       1
       0
       1
       1
       0
       2
       1
       1
       0
       0
       4
       0
       1
       1
       0
       2
       3
       0
       0
       1
       1
       0
       1
       0
       0
       0
       0
       0
       0
       1
       0
       1
       2
       0
       0
       1
       0
       0
       1
       0
       1
       0
       1
       1
       0
       1
       0
       0
       1
       1
       0
       3
       0
       0
       1
       0
       1
       1
       0
       0
       0
       0
       0
       0
       1
       1
       0
       0
       0
       0
       0
       0
       2
       0
       0
       0
       0
       0
       1
       0
       0
       0
       0
       0
       1
       0
       0
       0
       0
       0
       0
       0
       0
       0
       0
       0
       0
       0
       0
       0
       0
       0
       0
       0
       0
       0
       0
       0
       0
       1
       0
       0
       0
       0
       0
       0
       0
       0
       0
       0
       0
       1
       0
       0
       0
       0
       1
       0
       0
       0
       0
       0
       0
       0
       0
       0
       0
       0
       0
       0
       0
       0
       0
       0
       0
       1
       0
       0
       0
       0
       0
       0
       0
       0
       0
       0
       0
       1
       0
       0
       0
       1
       0
       0
       0
       1
       0
       0
       0
       0
       0
       0
       1
       0
       0
       2
       0
       0
       0
       0
       1
       0
       1
       0
       0
       0
       0
       0
       1
       0
       0
       0
       0
       0
       0
       0
       0
       0
       0
       0
       0
       0
       0
       0
       0
       0
       0
       0
       0
       0
       0
       0
       0
       0
       0
       0
       0
       0
       0
       0
       0
       0
       0
       0
       0
       0
       0
       0
       0
       0
       0
       0
       0
       0
       0
       0
       0
       0
       0
       0
       0
       0
       0
       0
       0
       0
       0
       0
       0
       0
       0
       0
       0
       0
       0
       0
       0
       0
       0
       0
       0
       0
       0
       0
       0
       0
       0
       0
       0
       0
       0
       0
       0
       0
       0
       0
       0
       0
       0
       0
       0
       0
       0
       0
       0
       0
       0
       0
       0
       0
       0
       0
       0
       0
       0
       0
       0
       0
       0
       0
       0
       0
       0
       0
       0
       0
       0
       0
       0
       0
       0
       0
       0
       0
       0
       0
       0
       0
       0
       0
       0
       0
       0
       0
       0
       0
       0
       0
       0
       0
       0
       0
       0
       0
       0
       0
       0
       0
       0
       0
       0
       0
       0
       0
       0
       0
       0
       0
       0
       0
$ROI:
0
$PRESETS:
Live Time
240
0
$ENER_FIT:
0.000000 0.000000
$MCA_CAL:
3
0.000000E+000 0.000000E+000 0.000000E+000 
$SHAPE_CAL:
3
0.000000E+000 0.000000E+000 0.000000E+000
