$SPEC_ID:
PRAK02 Easy-MCA-2k SN
$SPEC_REM:
DET# 1
DETDESC# PRAK01 Easy-MCA-2k SN 15071856
AP# Maestro Version 7.01
$DATE_MEA:
02/19/2002 01:58:45
$MEAS_TIM:
240 240
$DATA:
0 511
       0
       0
       0
       0
       0
       0
       0
       0
       0
       0
       0
       0
       0
       0
       0
       0
       0
       0
       0
      88
     155
     150
     168
     178
     135
     127
     135
     110
     112
      90
      99
      82
      76
     113
      86
      86
      78
      74
      85
      63
      69
      74
      53
      68
      65
      58
      61
      45
      40
      35
      29
      44
      34
      26
      38
      43
      32
      23
      31
      37
      48
      73
     120
     158
     204
     257
     226
     205
     153
     101
      58
      32
      17
       9
       8
      14
       9
       5
      14
      11
       5
       7
      11
      17
       9
       5
      13
       7
       5
       7
       9
       8
       4
      13
      11
       5
       6
      11
       1
       6
       9
       8
       6
      11
       6
       9
       7
       3
       2
       2
       4
       8
       6
       6
       5
       7
       2
       3
       7
       1
       6
       1
       5
       2
       4
       3
       0
       4
       3
       3
       3
       2
       2
       1
       6
       4
       6
       6
       4
       5
       5
       7
       8
       6
       5
       5
       3
       2
       1
       1
       1
       2
       1
       0
       0
       0
       2
       1
       4
       1
       0
       0
       2
       0
       1
       1
       2
       1
       1
       1
       0
       0
       3
       1
       0
       1
       4
       1
       0
       2
       1
       2
       0
       1
       0
       1
       0
       0
       0
       0
       2
       1
       1
       0
       0
       3
       1
       0
       1
       0
       0
       0
       2
       1
       0
       1
       0
       1
       2
       0
       2
       0
       0
       0
       2
       0
       0
       1
       0
       0
       0
       1
       0
       0
       1
       0
       2
       0
       0
       0
       0
       0
       0
       0
       1
       1
       0
       0
       0
       0
       0
       1
       0
       0
       0
       0
       0
       0
       0
       0
       0
       0
       0
       0
       0
       0
       0
       0
       0
       0
       0
       0
       0
       0
       0
       0
       0
       0
       0
       0
       0
       0
       0
       0
       0
       0
       0
       0
       0
       0
       0
       0
       1
       1
       0
       0
       1
       0
       0
       0
       0
       0
       1
       0
       0
       0
       0
       0
       0
       2
       0
       0
       1
       0
       0
       0
       0
       0
       0
       1
       0
       0
       0
       0
       0
       0
       0
       0
       0
       0
       0
       0
       1
       0
       0
       0
       0
       0
       0
       0
       0
       0
       0
       0
       1
       0
       0
       0
       0
       0
       0
       0
       0
       0
       0
       0
       0
       0
       0
       0
       0
       0
       0
       0
       0
       0
       0
       0
       0
       0
       0
       0
       0
       0
       0
       0
       0
       0
       0
       0
       0
       0
       0
       0
       0
       0
       0
       0
       0
       0
       0
       0
       0
       0
       0
       0
       0
       0
       0
       0
       0
       0
       0
       0
       0
       0
       0
       0
       0
       0
       0
       0
       0
       0
       0
       0
       0
       0
       0
       0
       0
       0
       0
       0
       0
       0
       0
       0
       0
       0
       0
       0
       0
       0
       0
       0
       0
       0
       0
       0
       0
       0
       1
       0
       0
       0
       0
       0
       0
       0
       0
       0
       0
       0
       0
       0
       0
       0
       0
       0
       0
       0
       0
       0
       0
       0
       0
       0
       0
       0
       0
       0
       0
       0
       0
       0
       0
       0
       0
       0
       0
       0
       0
       0
       0
       0
       0
       0
       0
       0
       0
       0
       0
       0
       0
       0
       0
       0
       0
       0
       0
       0
       0
       0
       0
       0
       0
       0
       0
       0
       0
       0
       0
       0
       0
       0
       0
       0
       0
       0
       0
       0
$ROI:
0
$PRESETS:
Live Time
240
0
$ENER_FIT:
0.000000 0.000000
$MCA_CAL:
3
0.000000E+000 0.000000E+000 0.000000E+000 
$SHAPE_CAL:
3
0.000000E+000 0.000000E+000 0.000000E+000
