$SPEC_ID:
PRAK02 Easy-MCA-2k SN
$SPEC_REM:
DET# 1
DETDESC# PRAK01 Easy-MCA-2k SN 15071856
AP# Maestro Version 7.01
$DATE_MEA:
02/19/2002 03:38:44
$MEAS_TIM:
240 240
$DATA:
0 511
       0
       0
       0
       0
       0
       0
       0
       0
       0
       0
       0
       0
       0
       0
       0
       0
       0
       1
       0
     234
     403
     423
     358
     386
     351
     333
     332
     353
     304
     323
     284
     340
     313
     300
     271
     306
     302
     261
     277
     288
     307
     278
     292
     303
     285
     217
     245
     208
     182
     152
     127
     124
     119
     119
     113
     123
     128
     121
     138
     202
     326
     450
     718
    1094
    1410
    1628
    1642
    1335
     955
     538
     287
     151
      53
      22
      19
      15
       6
      10
       6
      14
      15
       6
       8
       7
       8
      12
       9
      11
       6
      11
       9
       9
       6
       9
       2
       9
       3
       7
       7
       3
       3
       7
      10
      10
       6
       5
       8
       6
       9
       6
       6
      10
       7
       5
       5
       4
       5
       2
       4
       3
       6
       2
       3
       3
       4
       8
       2
       2
       1
       2
       1
       2
       2
       7
       6
       7
       9
       7
      12
      12
       9
       6
       5
       3
       3
       4
       1
       3
       2
       0
       0
       3
       1
       1
       1
       1
       3
       2
       1
       2
       0
       2
       2
       1
       2
       2
       1
       0
       1
       1
       1
       3
       2
       0
       2
       1
       0
       1
       0
       1
       3
       1
       1
       3
       1
       1
       1
       1
       0
       1
       0
       2
       0
       1
       1
       0
       0
       0
       3
       0
       0
       0
       0
       1
       1
       2
       0
       1
       1
       0
       0
       0
       1
       0
       0
       0
       0
       0
       0
       0
       0
       0
       0
       1
       1
       0
       1
       0
       1
       0
       0
       0
       0
       0
       0
       0
       0
       0
       0
       0
       1
       0
       0
       0
       0
       0
       1
       1
       0
       0
       0
       0
       0
       0
       0
       1
       0
       0
       0
       1
       1
       1
       0
       0
       0
       0
       0
       0
       0
       0
       0
       0
       0
       1
       0
       0
       0
       0
       0
       0
       0
       0
       0
       0
       0
       0
       0
       0
       0
       0
       0
       0
       0
       0
       0
       0
       1
       0
       0
       0
       0
       0
       0
       0
       0
       0
       0
       0
       0
       0
       0
       0
       0
       0
       0
       0
       0
       0
       0
       0
       1
       0
       0
       0
       0
       0
       0
       0
       0
       0
       0
       0
       0
       0
       0
       0
       0
       0
       0
       0
       0
       0
       1
       0
       0
       0
       0
       0
       0
       0
       0
       0
       0
       0
       0
       0
       0
       0
       1
       0
       0
       0
       0
       0
       0
       0
       0
       0
       0
       0
       0
       0
       0
       0
       0
       0
       0
       0
       0
       1
       0
       0
       0
       0
       0
       0
       0
       0
       0
       0
       0
       0
       0
       0
       0
       0
       0
       0
       0
       0
       0
       0
       0
       0
       0
       0
       0
       0
       0
       0
       0
       0
       0
       0
       0
       0
       0
       0
       0
       0
       0
       0
       0
       0
       0
       0
       0
       0
       0
       0
       0
       0
       0
       0
       0
       0
       0
       0
       0
       0
       0
       0
       0
       0
       0
       0
       0
       0
       0
       0
       0
       0
       0
       0
       0
       0
       0
       0
       0
       0
       0
       0
       0
       0
       0
       0
       0
       0
       0
       0
       0
       0
       0
       0
       0
       0
       0
       0
       0
       0
       0
       0
       0
       0
       0
       0
       0
       0
       0
       0
       0
       0
       0
       0
       0
       0
       0
       0
       0
       0
       0
       0
       0
       0
       0
       0
       0
       0
       0
       0
       0
       0
$ROI:
0
$PRESETS:
Live Time
240
0
$ENER_FIT:
0.000000 0.000000
$MCA_CAL:
3
0.000000E+000 0.000000E+000 0.000000E+000 
$SHAPE_CAL:
3
0.000000E+000 0.000000E+000 0.000000E+000
