$SPEC_ID:
PRAK02 Easy-MCA-2k SN
$SPEC_REM:
DET# 1
DETDESC# PRAK01 Easy-MCA-2k SN 15071856
AP# Maestro Version 7.01
$DATE_MEA:
02/19/2002 03:27:25
$MEAS_TIM:
240 240
$DATA:
0 511
       0
       0
       0
       0
       0
       0
       0
       0
       0
       0
       0
       0
       0
       0
       0
       0
       0
       0
       0
     184
     361
     359
     369
     298
     339
     286
     291
     290
     274
     261
     259
     255
     250
     212
     247
     220
     254
     217
     248
     223
     225
     234
     244
     200
     200
     185
     176
     161
     136
     115
     106
     101
      91
      93
      93
      93
     114
     112
     108
     146
     187
     382
     597
     834
    1185
    1363
    1358
    1154
     841
     485
     280
     118
      50
      23
      14
      10
      12
      10
      10
       5
      14
      11
       7
      12
       8
       7
      13
      11
       7
       6
      12
       6
       4
       8
       4
       6
       7
       7
       7
       6
       6
       8
       5
       9
       2
       5
       7
      13
       8
       4
       7
       9
       7
       5
       7
       4
       5
       4
       5
       7
       4
       5
       2
       3
       2
       4
       4
       3
       3
       4
       2
       3
       1
       5
       4
       5
       3
       5
       7
       5
       4
       8
       7
       5
       3
       3
       5
       0
       3
       2
       1
       4
       2
       0
       2
       1
       0
       1
       0
       2
       1
       0
       0
       0
       0
       0
       3
       0
       1
       3
       0
       2
       1
       1
       3
       1
       0
       3
       2
       0
       2
       2
       3
       0
       1
       0
       0
       1
       1
       1
       1
       0
       0
       2
       1
       0
       0
       1
       0
       0
       0
       1
       0
       0
       2
       2
       1
       0
       0
       0
       0
       1
       3
       1
       0
       0
       1
       0
       0
       1
       0
       0
       0
       2
       0
       0
       1
       0
       1
       0
       1
       0
       0
       0
       1
       1
       0
       0
       0
       1
       0
       0
       0
       0
       1
       0
       0
       0
       0
       0
       0
       0
       0
       0
       0
       0
       0
       1
       0
       0
       0
       0
       1
       0
       1
       0
       0
       0
       0
       0
       0
       0
       0
       0
       0
       0
       0
       1
       0
       0
       0
       0
       0
       0
       0
       0
       1
       1
       0
       0
       0
       0
       0
       0
       0
       0
       0
       0
       0
       0
       0
       1
       0
       0
       0
       0
       0
       0
       1
       0
       0
       0
       0
       1
       0
       1
       0
       0
       0
       0
       0
       1
       0
       0
       0
       1
       0
       0
       0
       0
       0
       0
       0
       0
       0
       0
       0
       0
       0
       0
       0
       0
       0
       0
       0
       0
       0
       0
       0
       0
       1
       0
       0
       0
       0
       1
       0
       0
       0
       0
       0
       0
       0
       0
       0
       0
       0
       0
       0
       0
       0
       0
       0
       0
       0
       0
       0
       0
       0
       0
       0
       0
       0
       0
       0
       0
       0
       0
       0
       0
       0
       0
       0
       0
       0
       0
       0
       0
       0
       0
       0
       0
       0
       0
       0
       0
       0
       0
       0
       0
       0
       0
       0
       0
       0
       0
       0
       0
       0
       0
       0
       0
       0
       0
       0
       0
       0
       0
       0
       0
       0
       0
       0
       0
       0
       0
       0
       0
       0
       0
       0
       0
       0
       0
       0
       0
       0
       0
       0
       0
       0
       0
       0
       0
       0
       0
       0
       0
       0
       0
       0
       0
       0
       0
       0
       0
       0
       0
       0
       0
       0
       0
       0
       0
       0
       0
       0
       0
       0
       0
       0
       0
       0
       0
       0
       0
       0
       0
       0
       0
       0
       0
       0
       0
       0
       0
       0
       0
       0
       0
       0
       0
       0
       0
       0
       0
       0
       0
       0
       0
       0
       0
$ROI:
0
$PRESETS:
Live Time
240
0
$ENER_FIT:
0.000000 0.000000
$MCA_CAL:
3
0.000000E+000 0.000000E+000 0.000000E+000 
$SHAPE_CAL:
3
0.000000E+000 0.000000E+000 0.000000E+000
