$SPEC_ID:
PRAK02 Easy-MCA-2k SN
$SPEC_REM:
DET# 1
DETDESC# PRAK01 Easy-MCA-2k SN 15071856
AP# Maestro Version 7.01
$DATE_MEA:
02/19/2002 03:02:36
$MEAS_TIM:
240 240
$DATA:
0 511
       0
       0
       0
       0
       0
       0
       0
       0
       0
       0
       0
       0
       0
       0
       2
       0
       0
       0
       3
     662
    1122
    1160
    1139
    1129
    1071
    1064
     998
     978
     892
     966
     937
     934
     937
     900
     874
     818
     909
     896
     892
     962
     892
     928
     903
     866
     854
     851
     676
     629
     503
     443
     430
     361
     371
     321
     333
     304
     339
     406
     405
     507
     824
    1319
    2196
    3428
    4719
    5349
    5282
    4476
    3188
    2032
    1070
     444
     162
      52
      21
      12
       8
       9
       9
      12
      13
      13
      11
      13
       8
       8
      15
       4
      11
       9
       7
       6
      10
       8
       8
       9
       5
       6
       6
       8
       7
       5
       8
      10
       9
       2
       3
      10
       6
       8
       7
       7
       1
       5
       5
       4
      10
       3
       8
       2
       3
       3
       3
       3
       5
       7
       7
       1
       6
       5
       5
       2
       7
       5
       8
       6
       2
       5
       7
       4
       9
       4
       5
       7
       4
       6
       3
       1
       0
       0
       3
       4
       0
       0
       2
       0
       1
       2
       0
       2
       1
       3
       1
       0
       1
       0
       0
       4
       2
       1
       2
       1
       0
       2
       0
       2
       2
       2
       3
       1
       0
       2
       1
       0
       0
       1
       0
       0
       2
       0
       0
       3
       1
       0
       1
       1
       0
       2
       0
       2
       0
       0
       0
       1
       0
       0
       0
       1
       0
       0
       0
       0
       0
       1
       0
       0
       1
       1
       0
       1
       0
       0
       0
       0
       0
       0
       0
       0
       0
       0
       0
       0
       0
       0
       1
       0
       0
       0
       0
       0
       1
       0
       0
       0
       0
       1
       0
       0
       0
       0
       0
       1
       0
       0
       0
       1
       0
       0
       0
       0
       0
       1
       0
       0
       0
       0
       0
       0
       0
       0
       1
       0
       0
       0
       0
       0
       0
       0
       0
       0
       0
       0
       0
       0
       0
       1
       0
       0
       0
       0
       0
       0
       0
       0
       0
       0
       1
       0
       0
       0
       1
       0
       0
       1
       0
       0
       0
       0
       0
       1
       0
       0
       0
       0
       0
       0
       0
       0
       0
       0
       0
       0
       0
       0
       0
       0
       2
       0
       0
       0
       0
       0
       0
       0
       0
       0
       0
       0
       0
       0
       0
       0
       1
       0
       0
       0
       0
       0
       0
       0
       0
       0
       0
       0
       0
       0
       0
       0
       0
       0
       0
       0
       0
       0
       0
       0
       0
       0
       0
       0
       0
       0
       0
       0
       0
       0
       0
       0
       0
       0
       0
       0
       0
       0
       0
       0
       0
       0
       0
       0
       0
       0
       0
       1
       0
       0
       0
       0
       0
       0
       0
       0
       0
       0
       0
       0
       0
       0
       0
       0
       0
       0
       0
       0
       0
       0
       0
       0
       0
       0
       0
       0
       0
       0
       0
       0
       0
       0
       0
       0
       0
       0
       0
       0
       0
       0
       0
       0
       0
       0
       0
       0
       0
       0
       0
       0
       0
       0
       0
       0
       0
       0
       0
       0
       0
       0
       0
       0
       0
       0
       0
       0
       0
       0
       0
       0
       0
       0
       0
       0
       0
       0
       0
       0
       0
       0
       0
       0
       0
       0
       0
       0
       0
       0
       0
       0
       0
       0
       0
       0
       0
       0
       0
       0
       0
       0
       0
       0
       0
       0
       0
       0
       0
       0
       0
       0
       0
       0
       0
       0
       0
       0
$ROI:
0
$PRESETS:
Live Time
240
0
$ENER_FIT:
0.000000 0.000000
$MCA_CAL:
3
0.000000E+000 0.000000E+000 0.000000E+000 
$SHAPE_CAL:
3
0.000000E+000 0.000000E+000 0.000000E+000
