$SPEC_ID:
PRAK02 Easy-MCA-2k SN
$SPEC_REM:
DET# 1
DETDESC# PRAK01 Easy-MCA-2k SN 15071856
AP# Maestro Version 7.01
$DATE_MEA:
02/19/2002 02:44:09
$MEAS_TIM:
240 240
$DATA:
0 511
       0
       0
       0
       0
       0
       0
       0
       0
       0
       0
       0
       0
       0
       0
       0
       0
       0
       0
       1
     213
     418
     422
     397
     373
     368
     327
     373
     315
     327
     336
     287
     294
     310
     277
     312
     297
     284
     282
     301
     318
     342
     310
     325
     285
     254
     270
     235
     184
     182
     173
     159
     108
     136
     110
     110
     110
     125
     129
     167
     189
     244
     430
     687
    1007
    1446
    1788
    1893
    1634
    1194
     813
     433
     177
      77
      31
      13
      14
       8
       8
      13
       8
      12
      10
       7
       7
       7
       9
      11
       7
      10
      11
       6
      10
       6
       9
      11
      10
       8
       7
      10
       7
       3
       6
       6
       5
       3
       8
       5
       3
       4
       4
       9
       3
       6
       7
       3
       3
       8
       3
       5
       6
       6
       5
       5
       7
       4
       3
       2
       2
       3
       3
       2
       4
       5
       4
       5
       9
       8
       7
       3
       8
       5
       6
       8
      10
       4
       4
       5
       4
       1
       0
       1
       0
       1
       2
       1
       2
       1
       1
       3
       1
       1
       3
       1
       1
       0
       2
       0
       0
       0
       3
       3
       2
       5
       0
       0
       1
       0
       1
       1
       2
       0
       1
       2
       1
       0
       0
       2
       2
       0
       0
       0
       1
       1
       1
       0
       0
       3
       1
       3
       1
       1
       0
       1
       0
       1
       1
       0
       1
       1
       1
       1
       1
       1
       3
       0
       0
       0
       1
       0
       0
       1
       0
       1
       0
       0
       0
       0
       1
       0
       0
       0
       0
       0
       0
       0
       0
       1
       0
       0
       0
       0
       0
       1
       0
       0
       0
       0
       0
       0
       0
       0
       0
       0
       0
       0
       0
       0
       0
       1
       0
       0
       0
       0
       0
       0
       0
       0
       1
       2
       0
       0
       0
       0
       0
       0
       0
       0
       0
       0
       0
       0
       0
       0
       0
       0
       0
       0
       0
       0
       0
       0
       0
       0
       0
       0
       0
       0
       0
       0
       0
       0
       0
       0
       0
       0
       0
       1
       1
       0
       0
       1
       0
       1
       0
       0
       0
       0
       0
       1
       0
       0
       0
       0
       0
       0
       0
       0
       0
       0
       0
       0
       0
       0
       0
       0
       0
       0
       0
       0
       0
       0
       0
       0
       0
       0
       0
       0
       0
       0
       0
       0
       0
       0
       0
       0
       0
       0
       0
       0
       0
       0
       0
       0
       0
       0
       0
       0
       0
       1
       0
       0
       0
       0
       0
       0
       0
       0
       0
       0
       1
       0
       0
       0
       0
       0
       0
       0
       0
       0
       0
       0
       0
       0
       0
       0
       0
       0
       0
       0
       0
       0
       0
       0
       0
       0
       0
       0
       0
       0
       0
       0
       0
       0
       0
       0
       0
       0
       0
       0
       0
       0
       0
       0
       0
       0
       0
       0
       0
       0
       0
       0
       0
       0
       0
       0
       0
       0
       0
       0
       0
       0
       0
       0
       0
       0
       0
       0
       0
       0
       0
       0
       0
       0
       0
       0
       0
       0
       0
       0
       0
       0
       0
       0
       0
       0
       0
       0
       0
       0
       0
       0
       0
       0
       0
       0
       0
       0
       0
       0
       0
       0
       0
       0
       0
       0
       0
       0
       0
       0
       0
       0
       0
       0
       0
       0
       0
       0
       0
       0
       0
       0
       0
       0
       0
       0
       0
       0
       0
       0
       0
       0
       0
$ROI:
0
$PRESETS:
Live Time
240
0
$ENER_FIT:
0.000000 0.000000
$MCA_CAL:
3
0.000000E+000 0.000000E+000 0.000000E+000 
$SHAPE_CAL:
3
0.000000E+000 0.000000E+000 0.000000E+000
