$SPEC_ID:
PRAK02 Easy-MCA-2k SN
$SPEC_REM:
DET# 1
DETDESC# PRAK01 Easy-MCA-2k SN 15071856
AP# Maestro Version 7.01
$DATE_MEA:
02/19/2002 03:09:06
$MEAS_TIM:
240 240
$DATA:
0 511
       0
       0
       0
       0
       0
       0
       0
       0
       0
       0
       0
       0
       0
       0
       0
       0
       0
       0
       1
     170
     308
     265
     273
     277
     239
     255
     254
     249
     236
     239
     207
     204
     199
     197
     208
     203
     205
     185
     204
     207
     180
     199
     198
     212
     181
     167
     135
     155
     114
      98
      87
      81
      84
      80
      80
      69
      83
      67
      87
     117
     195
     294
     488
     729
     916
    1156
    1110
     921
     655
     425
     222
     116
      39
      17
      11
      10
      11
       8
       7
       9
       6
       9
       4
       8
      11
       7
       8
      16
       8
       7
      12
       8
       9
       7
      10
       6
       7
       9
       7
      11
       3
       5
       5
       5
       3
       8
       2
      15
       6
       6
       1
       5
       4
       5
       2
       4
       5
       4
       3
       5
       3
       6
       5
       5
       3
       3
       7
       2
       3
       1
       2
       0
       4
       5
       4
       4
       6
       6
       7
       7
       9
       5
      10
      10
       5
       3
       5
       0
       2
       2
       2
       3
       3
       2
       3
       1
       1
       4
       2
       0
       0
       7
       3
       1
       1
       1
       4
       2
       1
       3
       0
       2
       1
       2
       1
       2
       2
       2
       0
       1
       2
       1
       1
       2
       1
       1
       0
       1
       0
       1
       0
       1
       0
       0
       3
       0
       2
       0
       2
       2
       0
       0
       0
       0
       4
       1
       0
       3
       0
       1
       0
       0
       0
       1
       0
       0
       0
       0
       0
       1
       1
       0
       0
       0
       0
       0
       0
       0
       0
       0
       0
       1
       0
       0
       0
       0
       0
       0
       0
       0
       0
       0
       0
       0
       1
       0
       0
       0
       0
       1
       0
       0
       0
       0
       0
       0
       0
       0
       0
       0
       1
       0
       0
       0
       0
       0
       0
       0
       0
       0
       0
       1
       0
       0
       0
       0
       0
       0
       0
       0
       0
       0
       0
       1
       0
       1
       1
       0
       0
       0
       1
       0
       0
       0
       1
       0
       0
       0
       0
       0
       0
       0
       0
       0
       0
       0
       1
       0
       0
       0
       0
       0
       0
       0
       0
       0
       0
       0
       0
       0
       0
       0
       0
       0
       1
       1
       0
       0
       1
       0
       0
       0
       1
       0
       0
       0
       0
       0
       0
       0
       0
       0
       0
       0
       0
       0
       0
       0
       0
       1
       0
       0
       0
       0
       0
       0
       0
       0
       0
       0
       0
       0
       0
       0
       0
       0
       0
       0
       0
       0
       0
       0
       0
       0
       0
       0
       0
       0
       1
       0
       0
       0
       0
       0
       0
       0
       0
       0
       0
       0
       0
       0
       0
       0
       0
       0
       0
       0
       0
       0
       1
       0
       0
       0
       0
       0
       0
       0
       0
       0
       0
       0
       0
       0
       0
       0
       0
       0
       0
       0
       0
       0
       0
       0
       0
       0
       0
       0
       0
       0
       0
       0
       0
       0
       0
       0
       0
       0
       0
       0
       0
       0
       0
       0
       0
       0
       0
       0
       0
       0
       0
       0
       0
       0
       0
       0
       0
       0
       0
       0
       0
       0
       0
       0
       0
       0
       0
       0
       0
       0
       0
       0
       0
       0
       0
       0
       0
       0
       0
       0
       0
       0
       0
       0
       0
       0
       0
       0
       0
       0
       0
       0
       0
       0
       0
       0
       0
       0
       0
       0
       0
       0
       0
       0
       0
       0
       0
       0
       0
       0
       0
       0
$ROI:
0
$PRESETS:
Live Time
240
0
$ENER_FIT:
0.000000 0.000000
$MCA_CAL:
3
0.000000E+000 0.000000E+000 0.000000E+000 
$SHAPE_CAL:
3
0.000000E+000 0.000000E+000 0.000000E+000
