$SPEC_ID:
PRAK02 Easy-MCA-2k SN
$SPEC_REM:
DET# 1
DETDESC# PRAK01 Easy-MCA-2k SN 15071856
AP# Maestro Version 7.01
$DATE_MEA:
02/19/2002 03:21:08
$MEAS_TIM:
240 240
$DATA:
0 511
       0
       0
       0
       0
       0
       0
       0
       0
       0
       0
       0
       0
       0
       0
       0
       0
       0
       0
       0
     194
     343
     350
     337
     313
     316
     284
     270
     224
     287
     246
     246
     203
     229
     257
     222
     244
     238
     210
     217
     238
     221
     197
     236
     217
     214
     189
     162
     143
     126
     128
      96
     103
      87
     102
      80
      96
      91
      90
     130
     133
     230
     353
     551
     829
    1176
    1286
    1323
    1040
     790
     509
     279
     124
      55
      23
      19
      11
      13
      13
      10
       3
      11
       9
       5
      11
      10
       8
      10
      10
      11
       8
       7
       5
      11
       9
       7
       5
       3
       7
       4
       8
       9
       7
       3
       3
       5
       7
       6
       3
       5
       6
       4
       2
       5
       6
       5
       6
       8
       5
       6
       3
       1
       1
       1
       1
       1
       4
       2
       4
       4
       5
       4
       2
       6
       5
       3
       5
       1
       3
      10
       4
       7
       8
       6
       5
       5
       3
       7
       1
       2
       2
       3
       1
       2
       1
       1
       0
       2
       2
       1
       1
       1
       0
       6
       1
       1
       1
       2
       1
       2
       1
       1
       2
       0
       0
       1
       2
       2
       0
       0
       0
       0
       1
       0
       1
       2
       0
       1
       4
       1
       0
       2
       0
       3
       2
       0
       0
       1
       0
       0
       3
       2
       0
       1
       2
       1
       0
       1
       0
       0
       0
       2
       1
       0
       1
       0
       0
       0
       0
       0
       1
       0
       0
       1
       0
       0
       1
       1
       0
       0
       0
       0
       0
       0
       0
       0
       1
       0
       1
       0
       0
       1
       0
       0
       0
       0
       0
       0
       0
       0
       0
       1
       0
       0
       0
       0
       0
       0
       1
       0
       0
       0
       0
       0
       0
       0
       0
       0
       0
       0
       0
       0
       0
       0
       0
       0
       0
       0
       0
       0
       0
       0
       0
       0
       0
       0
       0
       0
       0
       0
       1
       0
       0
       0
       0
       0
       1
       0
       0
       0
       0
       0
       1
       0
       0
       0
       0
       0
       1
       1
       0
       0
       0
       0
       0
       0
       0
       0
       0
       0
       0
       0
       0
       0
       0
       0
       0
       0
       0
       0
       0
       0
       0
       0
       0
       0
       0
       0
       0
       0
       0
       1
       0
       0
       0
       0
       0
       0
       0
       0
       0
       0
       0
       0
       0
       1
       0
       0
       0
       0
       0
       0
       0
       0
       0
       1
       0
       0
       0
       0
       0
       0
       0
       0
       0
       0
       0
       0
       0
       0
       0
       0
       0
       0
       0
       0
       0
       0
       0
       0
       0
       0
       0
       0
       0
       0
       0
       0
       0
       0
       0
       0
       0
       0
       0
       0
       0
       0
       0
       0
       0
       0
       0
       0
       0
       0
       0
       0
       0
       0
       0
       0
       0
       0
       0
       0
       0
       0
       0
       0
       0
       0
       0
       0
       0
       0
       0
       0
       0
       0
       0
       0
       0
       0
       0
       0
       0
       0
       0
       0
       0
       0
       0
       0
       0
       0
       0
       0
       0
       0
       0
       0
       0
       0
       0
       0
       0
       0
       0
       0
       0
       0
       0
       0
       0
       0
       0
       0
       0
       0
       0
       0
       0
       0
       0
       0
       0
       0
       0
       0
       0
       0
       0
       0
       0
       0
       0
       0
       0
       0
       0
       0
       0
       0
       0
       0
       0
       0
       0
       0
       0
       0
       0
$ROI:
0
$PRESETS:
Live Time
240
0
$ENER_FIT:
0.000000 0.000000
$MCA_CAL:
3
0.000000E+000 0.000000E+000 0.000000E+000 
$SHAPE_CAL:
3
0.000000E+000 0.000000E+000 0.000000E+000
