$SPEC_ID:
PRAK02 Easy-MCA-2k SN
$SPEC_REM:
DET# 1
DETDESC# PRAK01 Easy-MCA-2k SN 15071856
AP# Maestro Version 7.01
$DATE_MEA:
02/19/2002 01:05:54
$MEAS_TIM:
240 240
$DATA:
0 511
       0
       0
       0
       0
       0
       0
       0
       0
       0
       0
       0
       0
       0
       0
       0
       1
       0
       0
       4
     841
    1531
    1481
    1510
    1492
    1393
    1364
    1293
    1281
    1247
    1232
    1200
    1229
    1191
    1182
    1162
    1155
    1187
    1162
    1251
    1231
    1195
    1149
    1195
    1193
    1129
    1085
     920
     829
     734
     635
     524
     508
     472
     429
     411
     444
     465
     479
     507
     670
     948
    1364
    2436
    3834
    5271
    6557
    7041
    6345
    4899
    3280
    1818
     901
     341
     141
      55
      19
      18
      11
      16
      12
       9
       6
       9
       7
       9
      10
       7
      10
      10
       7
       6
       5
      15
      11
      12
       9
       8
       6
       4
       6
      10
       9
       8
       4
       6
       3
      10
      10
       6
       6
       4
       9
       3
       5
       1
       2
       7
       0
       6
       6
       2
       2
       1
       1
       5
       5
       4
       3
       3
       1
       4
       5
       2
       2
       4
       2
       3
       1
       4
       6
       9
      11
       4
       8
       7
       3
       4
       1
       1
       5
       3
       5
       0
       3
       1
       1
       2
       2
       0
       2
       0
       0
       0
       2
       1
       1
       0
       0
       2
       1
       0
       2
       0
       2
       2
       2
       1
       1
       0
       1
       1
       1
       1
       0
       1
       0
       1
       2
       0
       0
       0
       2
       0
       1
       1
       1
       0
       2
       1
       1
       0
       1
       2
       0
       0
       1
       1
       3
       2
       1
       0
       1
       1
       0
       0
       1
       0
       0
       0
       0
       0
       0
       0
       0
       0
       1
       0
       1
       0
       0
       0
       0
       1
       1
       0
       0
       1
       0
       0
       0
       0
       0
       0
       0
       0
       0
       0
       2
       0
       0
       0
       1
       0
       2
       0
       0
       0
       0
       0
       0
       0
       0
       0
       0
       0
       0
       0
       0
       0
       0
       0
       1
       0
       1
       0
       0
       0
       0
       0
       0
       0
       0
       0
       0
       0
       0
       1
       0
       0
       0
       0
       1
       1
       0
       0
       0
       0
       0
       0
       0
       0
       1
       0
       2
       0
       0
       0
       0
       0
       0
       0
       0
       0
       0
       1
       0
       0
       0
       0
       0
       0
       0
       0
       0
       0
       1
       0
       1
       0
       0
       0
       0
       0
       0
       0
       0
       0
       0
       0
       0
       0
       0
       0
       0
       0
       0
       0
       1
       0
       1
       0
       0
       0
       0
       0
       0
       0
       0
       0
       0
       0
       0
       0
       0
       0
       0
       1
       0
       0
       0
       0
       0
       0
       0
       0
       1
       1
       0
       0
       0
       0
       0
       0
       0
       0
       0
       0
       0
       0
       0
       0
       0
       0
       0
       0
       0
       0
       0
       0
       0
       0
       0
       0
       0
       0
       0
       0
       0
       0
       0
       0
       0
       0
       0
       0
       0
       0
       0
       0
       0
       0
       0
       0
       0
       0
       0
       0
       0
       0
       0
       0
       0
       0
       0
       0
       0
       0
       0
       0
       0
       0
       0
       0
       0
       0
       0
       0
       0
       0
       0
       0
       0
       0
       0
       0
       0
       0
       0
       0
       0
       0
       0
       0
       0
       0
       0
       0
       0
       0
       0
       0
       0
       0
       0
       0
       0
       0
       0
       0
       0
       0
       0
       0
       0
       0
       0
       0
       0
       0
       0
       0
       0
       0
       0
       0
       0
       0
       0
       0
       0
       0
       0
       0
       0
       0
       0
       0
       0
       0
       0
       0
       0
$ROI:
0
$PRESETS:
Live Time
240
0
$ENER_FIT:
0.000000 0.000000
$MCA_CAL:
3
0.000000E+000 0.000000E+000 0.000000E+000 
$SHAPE_CAL:
3
0.000000E+000 0.000000E+000 0.000000E+000
